# Data från uppskjutning av en falcon 9. Tid i sekunder, höjd i km, hastighet i m/s. Första värden är kapade pga dålig avläsning.
4 0 3
5 0 6
6 0 9
7 0 12
8 0 17
9 0 20
10 0 25
11 0 29
12 0 33
13 0 38
14 0 42
15 0 46
16 0 51
17 0 56
18 0 60
19 0 65
20 0 70
21 1 75
22 1 80
23 1 85
24 1 89
25 1 95
26 1 100
27 1 106
28 1 111
29 1 117
30 2 122
31 2 128
32 2 134
33 2 140
34 2 146
35 2 152
36 2 159
37 2 165
38 3 171
39 3 178
40 3 184
41 3 191
42 3 198
43 4 205
44 4 212
45 4 219
46 4 224
47 4 228
48 5 232
49 5 236
50 5 239
51 5 243
52 6 247
53 6 251
54 6 254
55 6 259
56 7 263
57 7 267
58 7 272
59 7 279
60 8 287
61 8 296
62 8 305
63 8 314
64 9 324
65 9 333
66 9 343
67 10 353
68 10 363
69 10 373
70 11 383
71 11 394
72 11 404
73 12 415
74 12 426
75 12 437
76 13 449
77 13 460
78 14 472
79 14 484
80 14 496
81 15 509
82 15 521
83 16 534
84 16 548
85 17 560
86 17 573
87 18 588
88 18 601
89 18 615
90 19 630
91 20 645
92 20 659
93 20 676
94 21 691
95 22 707
96 22 722
97 23 738
98 23 755
99 24 772
100 24 789
101 25 806
102 25 823
103 26 840
104 26 857
105 27 875
106 28 894
107 28 913
108 29 932
109 30 952
110 30 972
111 31 992
112 32 1012
113 32 1032
114 33 1053
115 33 1075
116 34 1095
117 35 1116
118 36 1139
119 36 1161
120 37 1184
121 38 1208
122 38 1230
123 39 1254
124 40 1278
125 41 1302
126 42 1327
127 42 1352
128 43 1378
129 44 1404
130 45 1429
131 46 1455
132 46 1483
133 47 1509
134 48 1537
135 49 1564
136 50 1592
137 51 1622
138 52 1651
139 53 1678
140 54 1709
141 55 1739
142 56 1771
143 57 1803
144 58 1835
145 58 1868
146 60 1896
147 60 1924
148 62 1951
149 63 1979
150 64 2006
151 65 2024
152 66 2023
153 67 2018
154 68 2012
155 69 2006
156 70 2001
157 71 1996
158 72 1992
159 73 1987
160 74 1982
161 75 1978
162 76 1974
163 76 1970
164 77 1966
165 78 1962
166 79 1958
167 80 1996
168 81 2000
169 82 2003
170 83 2007
171 84 2011
172 85 2014
172 86 2018
173 86 2022
174 87 2026
176 88 2030
177 89 2034
178 90 2038
179 91 2042
180 92 2046
181 93 2051
182 93 2055
183 94 2059
184 95 2064
185 96 2068
186 97 2072
187 98 2077
188 98 2081
189 99 2086
190 100 2090
191 100 2095
192 101 2100
193 102 2104
194 103 2109
195 104 2114
196 104 2119
197 105 2124
198 106 2129
199 107 2134
200 107 2139
201 108 2144
202 109 2150
203 110 2155
204 111 2160
204 111 2165
205 112 2171
206 113 2176
208 113 2181
209 114 2187
210 115 2192
211 116 2198
212 116 2203
213 117 2209
214 118 2215
215 119 2220
216 119 2226
217 120 2232
218 121 2238
219 121 2243
220 122 2249
221 123 2256
222 123 2261
223 124 2267
224 125 2274
225 125 2279
226 126 2286
227 127 2292
228 127 2298
229 128 2304
230 129 2311
231 129 2317
232 130 2324
233 131 2330
234 131 2336
235 132 2343
236 133 2349
237 133 2356
238 134 2363
238 134 2369
239 135 2376
241 136 2382
242 136 2390
243 137 2396
244 137 2403
245 138 2411
246 139 2418
247 139 2424
248 140 2432
249 140 2439
250 141 2446
251 142 2453
252 142 2461
253 143 2468
254 143 2476
255 144 2483
256 144 2491
257 145 2498
258 146 2506
259 146 2514
260 147 2521
261 147 2529
262 148 2536
263 148 2544
264 149 2552
265 149 2561
266 150 2568
267 150 2577
268 151 2585
269 151 2593
270 152 2601
271 152 2609
272 153 2618
273 153 2626
274 154 2634
275 154 2643
276 155 2651
277 155 2660
278 156 2669
279 156 2677
280 157 2686
281 157 2694
282 158 2703
283 158 2712
284 159 2721
285 159 2730
286 160 2739
287 160 2748
288 161 2757
289 161 2766
290 162 2776
291 162 2785
292 162 2795
293 163 2804
294 163 2813
295 164 2823
296 164 2832
297 165 2842
298 165 2851
299 165 2861
300 166 2871
301 166 2880
302 167 2890
303 167 2900
304 167 2911
305 168 2920
306 168 2930
307 169 2941
308 169 2951
309 169 2961
310 170 2972
311 170 2982
312 171 2992
313 171 3003
314 171 3013
315 172 3024
316 172 3034
317 172 3045
318 173 3056
319 173 3066
320 173 3077
321 174 3089
322 174 3099
323 174 3110
324 175 3121
325 175 3133
326 175 3144
327 176 3155
328 176 3167
329 176 3178
330 177 3190
331 177 3202
332 177 3213
333 178 3225
334 178 3236
335 178 3248
336 179 3259
337 179 3272
338 179 3284
339 180 3296
340 180 3308
341 180 3319
342 180 3332
343 181 3344
344 181 3356
345 181 3369
346 182 3382
347 182 3394
348 182 3407
349 182 3420
350 183 3433
351 183 3446
352 183 3458
353 183 3471
354 184 3484
355 184 3497
356 184 3510
357 184 3523
358 185 3537
359 185 3549
360 185 3563
361 185 3578
362 185 3591
363 186 3605
364 186 3619
365 186 3633
366 186 3647
367 187 3661
368 187 3674
369 187 3689
370 187 3703
371 187 3717
371 188 3731
373 188 3745
374 188 3760
375 188 3775
376 188 3790
377 189 3804
378 189 3820
379 189 3835
380 189 3849
381 189 3864
382 190 3879
383 190 3895
384 190 3910
385 190 3925
386 190 3942
387 190 3957
388 191 3973
389 191 3989
390 191 4004
391 191 4020
392 191 4037
393 191 4052
394 192 4069
395 192 4086
396 192 4101
397 192 4119
398 192 4136
399 192 4153
400 192 4169
401 192 4186
402 193 4203
403 193 4219
404 193 4236
404 193 4253
406 193 4271
407 193 4289
408 193 4306
409 193 4324
410 194 4342
411 194 4360
412 194 4378
413 194 4397
414 194 4415
415 194 4434
416 194 4453
417 194 4472
418 194 4490
419 195 4509
420 195 4528
421 195 4548
422 195 4566
423 195 4586
424 195 4605
425 195 4625
426 195 4645
427 195 4664
428 195 4685
429 195 4706
430 195 4724
431 196 4746
432 196 4766
433 196 4788
434 196 4808
435 196 4829
436 196 4850
437 196 4872
437 196 4892
439 196 4913
440 196 4934
441 196 4957
442 196 4978
443 196 5001
444 196 5024
445 196 5047
446 196 5069
447 196 5092
448 197 5115
449 197 5139
450 197 5162
451 197 5186
452 197 5209
453 197 5233
454 197 5257
455 197 5281
456 197 5304
457 197 5329
458 197 5353
459 197 5378
460 197 5402
461 197 5427
462 197 5453
463 197 5478
464 197 5503
465 197 5529
466 197 5556
467 197 5581
468 197 5607
469 197 5635
470 197 5661
471 197 5688
472 197 5714
473 197 5740
474 197 5768
475 197 5796
476 197 5824
477 197 5852
478 197 5879
479 197 5908
480 197 5936
481 197 5965
482 197 5994
483 197 6023
484 197 6051
485 197 6080
486 197 6110
487 197 6140
488 197 6170
489 197 6200
490 197 6229
491 197 6261
492 197 6291
493 197 6322
494 197 6353
495 197 6384
496 197 6416
497 197 6448
498 197 6481
499 197 6514
500 197 6546
501 197 6579
502 197 6614
503 197 6648
504 197 6682
505 197 6717
506 197 6752
507 197 6787
508 197 6823
509 197 6859
510 197 6896
511 197 6931
512 197 6968
513 197 7008
514 197 7044
515 197 7082
516 197 7121
517 197 7159
518 197 7196
519 197 7235
520 197 7274
521 197 7314
522 197 7354
523 197 7395
524 197 7437
525 197 7478
526 197 7501
527 197 7502
528 197 7503
529 197 7503
530 197 7503
531 197 7503
532 197 7503
533 197 7503
534 197 7503
535 197 7503
536 197 7503
537 197 7503
538 197 7503
539 197 7503
